18271841140
53641936353
78209919278
91446497945
13408618360
59777431829
00246355299
46771568530
14009732621
96581942948
00824555427
34415053308
82819714585
00827503391
16512075931
92233360497
91222568538
28554538240
94022156299
57606540160
98410754527
06125334598
80420446765
90746890701
80291081274
90946999003
04332779748
85348471516
66691357243
81503592258
76892617503
69706764418
35935630727
58319966179
66251731495
10702095669
63799634650
49606289669
70702106213
10683565876
57671807552
81321484545
11827600978
34313996762
28113484524
28751141562
65479065473
31159522683
87451460624
98472979325
76371140827
81719075147
29061954959
67888273183
77397269692
99463177680
36162073213
99800607099
12211786290
39162233268
90534920267
10964143807
50617762412
84416957540
94126575209
99021915335
02301497749
90212500826
33271110546
07110377087
30614331848
43528723365
81556644163
17208162407
85456287348
31734155993
46691988732
70890219903
87485216967
29401783315
42350789820
32811075884
38219631177
24617402236
04834960377
46394130232
20315488381
75838447866
09771215699
07289060292
70647867221
09484343269
56375388638
18574314849
47021160665
48831222136
85474609894
53091698143
12070678034
73345077257
24858245520
94087493769
72044888709
17556492423
12817265189
91404629671
43991595688
72336518201
16382036758
97033805475
49122193568
57664497129
48052805557
31400542919
84328205514
24619087599
46180008816
92181457066
24810398288
28393722294
66797637704
05246562367
85467480733
04572988690
86375233001
32042402364
85876170874
57543227468
84217484683
14750060598
23129178551
90029483416
08282180286
11231701264
91129485147
82207312094
16368560804
64118505566
00451801591
41341474890
10290952018
41945069862
82864989484
21858010869
10488208801
76719296362
30704150119
03396874048
68093171977
78716218769
49661454929
90128419595
95527119789
26548275319
70715268245
21538802316
34862132352
03551604456
38363144413
59838726910
21343802393
11598650103
38438052914
46638388582
05681294059
34051979617
46324212977
81885212590
69913346152
48029148302
63966728660
57973137628
56559310124
82333356893
46788883414
92230437241
39561849025
37311829516
75054267164
36558947210
04619593720
89696535758
10556762892
57130525937
80077141840
95932236847
72273305120
18394015862
66038784203
68059406691
85039611362
95385821650
04928836410
58011246883
74936830435
62421613489
58350414194
35451630242
75171197902
97299916931
93939530371
27116955607
12040648006
73813285571
50790612272
68074253070
72850638510
66419672284
48921870165
58051953592
90529074476
37716633824
24335551317
26565466078
13296439441
96282089570
88831399055
87975365269
13357366109
54226639409
46207033000
16777000417
74106304319
04729379520
94800987602
53625493759
19248319515
86310181842
21375524065
87995271518
93765880551
60073302367
21858849475
90321048011
74432313820
69147102218
11454540460
06834492474
52455426356
55436780537
18479052896
62126332745
98460730014
44480208710
14313853243
10369942743
92976118004
42366900624
28934998417
94729242973
59163983700
40000069530
86008058002
72411421869
13748625161
60245969128
15536595800
86907482569
33501883367
07139524499
47487529129
48601976990
77635082512
97398920162
42309240628
34549037874
13715586039
87117098775
73594653122
32486933549
94601797833
49618293135
01283509935
56882314423
69964687686
42295594142
75307692165
52728436878
64529205931
91931637200
81754485677
93096493020
93057558418
16919677984
55906068372
17108411981
66838895793
44647599178
56379669148
39625281370
62169748715
30541950931
43569484383
86070212859
59646650386
50168789088
70739320980
91728417310
80888447034
70580486805
94653809306
29773435001
31475605963
25783014337
70329871268
66335276676
47338188930
42992821077
08601842205
02549720838
35689821677
05683387743
74164177821
36523677815
95246060545
72162070659
07405431501
20165118042
66346894960
04792363950
43487935011
60239007476
05989300868
20849600469
65113821313
41997078109
04732050829
86287735863
20949871975
80564027708
42803133442
60246804073
76862479553
33715660696
79223727169
19396165996
09946108589
51148147526
05173881166
77092052314
34671861804
27088436469
36869502518
13019940221
57667199409
49944519712
65050651070
60041967777
33387987208
75762668916
69841381351
78241908862
91620139200
12178827196
90172613045
53741448266
03225324081
83152892329
93749756352
23323564948
42818120802
50171951697
70433168429
02542165212
67823323157
99436906102
75050027794
75758913803
34293330608
31155820773
84829270210
58709666521
49282066202
81843109169
09367673875
46892469219
82468031565
08373123023
33925508916
80249093906
43939262199
43517692532
17225848609
05260417611
18631102727
75643633236
05516867548
95391995145
70138789828
77806109947
86618404738
64817092777
16442663410
51590771021
39499196117
97986828584
46575587047
92066522750
10942922981
08633861931
23428789956
99233865129
22160633575
70680812356
19112667293
67434515308
15160900178
21770924376
07260356987
47079925179
64203588708
55088995568
61563561508
05327104792
90211525581
52152154155
65568671668
41399978003
55251019970
88226131066
16476460581
43617447693
46193160753
61399409413
66313603871
16213999293
36106665476
84804174048
84969199379
98140860762
65732787584
14223008993
63077796045
70828210414
06326869776
03230734196
66166459926
16628457139
07872242658
01212096618
14870281518
91075864840
75984607510
91613760807
44119957826
41238539005
97392604380
91788668016
90083546082
61755477015
