82612421230
65761898102
27248356225
94675280880
64734952121
42317553068
63538835110
99060845783
30380163560
02596002959
44472377271
05199325077
58463358753
11036095554
83475874423
22916788403
93744063484
08337660496
33581449085
86602987757
53837019951
43731192519
06647164602
97938477459
32498852734
23823477929
71056533166
61068526779
01504158267
44703057438
56459592571
24310491561
67443052322
33077399491
49219992882
32389005058
27371840963
73139180395
35418430250
11634904468
59230119736
21583826377
30643576498
57078565328
97185404194
61228770680
23486850153
45696372477
57019838211
87513601483
39534510830
72375633290
82016077186
69594798911
68870309519
90022470514
19374430226
80615609846
29818073707
55456647479
88740363607
14216753744
67808112556
98674349785
27732981027
06574873339
92345595190
97817650506
11194249556
13516265808
05756040901
63339721240
63984980252
88094865382
24391176908
73416413582
80713650893
33845955685
85449171665
37842293929
75282179112
42931227102
89835316114
84448308775
98602936087
15403575263
45607787743
59980017820
03337589368
37697261407
10656552568
49415282274
43783678808
72142865990
33065750443
48027117064
71185238250
93456565673
78177545221
90699316452
06779647051
15379161034
37197392565
84750574451
58024472883
36296405463
86161706382
20208088532
07086967723
73204009224
92447348086
11787111285
33822816296
33295165624
38229008914
06115845125
54455806461
81259755548
42346456428
89546698472
90751751380
97609169843
16640315684
50738128765
90037955023
55351530555
34708940055
99928129237
44199745052
52644667558
56030400387
25593487347
11516613245
78659237840
19645101211
55569329080
96861644777
45942798641
84738252605
34136631603
37734934974
79094529959
16635367926
56107707897
68969978227
62173123429
53650018942
55490351370
32982952490
41090238261
08496041207
97260177120
53266093120
80328084811
38729075371
65664330882
67917108381
46080078888
80530558081
43441962975
59907063498
92906265414
36668502496
95952606832
99140966104
23032559285
17972420958
89764352166
06041032493
95049389357
09336575130
94448715555
58320051424
95653580761
03304710242
84269785604
80141529003
09866194376
46265750340
71296002030
22689492041
25440996666
02698878274
98479983823
39638467835
84259310612
92425143324
89982618218
36354832901
94773456073
58466385366
87717964230
34860322430
01166278286
40473519431
81648439868
97600591563
19766299943
65273221584
81378620985
45961352325
19088674076
45615099306
84094219995
80439749375
89117881279
21396453052
84489993725
66341670949
72240489389
71576418993
73069219591
94112947931
66211045132
77181009774
51467989008
44419736897
95319911105
51344826776
23067667341
39191889288
22054862890
91563404794
94608496132
47734775955
13528430346
73172705589
88817216219
10354756504
21732372778
94637627964
58424090787
50168760522
97001317805
47416536192
85218505706
87957650001
08254008161
24943570812
08063449224
34016899803
36317467600
89075475025
89141256920
51722879658
65303717673
73605688499
39263766204
77648943648
69025679884
20964902428
11799863617
97450670086
32864789499
02214080391
43520476999
95014596758
60409295881
21960545003
52758775778
49025855623
45067442396
95571734037
20043814391
99329054974
50433239214
50490572510
49999569157
12579673211
22337612757
28000058054
65098347136
85848654492
62580699294
94180683263
84637583370
83607756468
80525988700
98515504967
95168844480
00078418673
48220761507
33531016550
56384020615
64232477907
26616063625
29071556231
68202395141
21917363327
12212633492
51568003849
56412971191
77264641804
66405316778
80269181172
71339917824
46785243976
90098978108
41765021047
27135219421
67381558008
59644133276
64441630644
28142206162
57107560662
31691348450
92518595477
46604229344
89254585118
71381637745
78911535554
92061088210
03028381489
50938841302
26421796028
23828797503
84678512399
02429377168
81029778625
23823823494
39520260246
01189446053
39321206066
54622392718
20050181077
81543570137
76289232909
95164426666
98584777920
18061172471
52968400940
18980142265
08645784723
05550730706
63922907716
38990563262
64741632672
89170144435
34052606538
32320724703
34295461561
93911493714
17282463681
01447786837
96709590222
37325679892
16230236571
12866069640
59506402758
63905980660
54850787562
02285522451
99702696914
08513626702
44161706406
83792863850
06971515133
16676869608
68118556575
29637799302
27608299791
22608797153
94399215594
33892012409
16644318781
29423597736
45767598610
77998726640
51524858704
43046851480
97790108329
13159080550
57624127788
04260782557
03873561498
28428283237
75911920359
12387724361
74944885145
56887064359
57222931560
33730506383
90302338562
13480984515
11764689640
05402713562
61613342458
05901818495
23973335827
64184617972
91232384907
41664478943
56263124039
54965482595
85706697919
54307334394
43234372208
17589444988
37761232302
72341925806
74718670708
47658761647
11791199077
23895916380
96048481341
66255163769
27668665708
84237789822
51514721212
04782263089
35919589135
45456335363
11254203091
23622630546
63713765729
24170429732
79845852909
22626601847
15089339678
41203628714
24947258474
48840341384
73858634683
75569927470
44654552218
56418499491
18068978574
73527586433
98273113546
24145029698
32728618777
89337062250
83183646347
43153298617
96404391005
52322319693
52545401825
41554698920
17747698935
80319538675
52483938147
08976682139
02950952159
07696489804
05499423416
86556734934
74269813764
68993614863
85331311638
99999567345
