201901001
201901002
201901003
201901004
201901005
201901006
201901007
201901008
201901009
201901010
201901011
201901012
201901013
201901014
201901015
201901016
201901017
201901018
201901019
201901020
201901021
201901022
201901023
201901024
201901025
201901026
201901027
201901028
201901029
201901030
201902001
201902002
201902003
201902004
201902005
201902006
201902007
201902008
201902009
201902010
201902011
201902012
201902013
201902014
201902015
201902016
201902017
201902018
201902019
201902020
201902021
201902022
201902023
201902024
201902025
201902026
201902027
201902028
201902029
201902030
201903001
201903002
201903003
201903004
201903005
201903006
201903007
201903008
201903009
201903010
201903011
201903012
201903013
201903014
201903015
201903016
201903017
201903018
201903019
201903020
201903021
201903022
201903023
201903024
201903025
201903026
201903027
201903028
201903029
201903030
202001001
202001002
202001003
202001004
202001005
202001006
202001007
202001008
202001009
202001010
202001011
202001012
202001013
202001014
202001015
202001016
202001017
202001018
202001019
202001020
202001021
202001022
202001023
202001024
202001025
202001026
202001027
202001028
202001029
202001030
202002001
202002002
202002003
202002004
202002005
202002006
202002007
202002008
202002009
202002010
202002011
202002012
202002013
202002014
202002015
202002016
202002017
202002018
202002019
202002020
202002021
202002022
202002023
202002024
202002025
202002026
202002027
202002028
202002029
202002030
202003001
202003002
202003003
202003004
202003005
202003006
202003007
202003008
202003009
202003010
202003011
202003012
202003013
202003014
202003015
202003016
202003017
202003018
202003019
202003020
202003021
202003022
202003023
202003024
202003025
202003026
202003027
202003028
202003029
202003030
202101001
202101002
202101003
202101004
202101005
202101006
202101007
202101008
202101009
202101010
202101011
202101012
202101013
202101014
202101015
202101016
202101017
202101018
202101019
202101020
202101021
202101022
202101023
202101024
202101025
202101026
202101027
202101028
202101029
202101030
202102001
202102002
202102003
202102004
202102005
202102006
202102007
202102008
202102009
202102010
202102011
202102012
202102013
202102014
202102015
202102016
202102017
202102018
202102019
202102020
202102021
202102022
202102023
202102024
202102025
202102026
202102027
202102028
202102029
202102030
202103001
202103002
202103003
202103004
202103005
202103006
202103007
202103008
202103009
202103010
202103011
202103012
202103013
202103014
202103015
202103016
202103017
202103018
202103019
202103020
202103021
202103022
202103023
202103024
202103025
202103026
202103027
202103028
202103029
202103030
202201001
202201002
202201003
202201004
202201005
202201006
202201007
202201008
202201009
202201010
202201011
202201012
202201013
202201014
202201015
202201016
202201017
202201018
202201019
202201020
202201021
202201022
202201023
202201024
202201025
202201026
202201027
202201028
202201029
202201030
202202001
202202002
202202003
202202004
202202005
202202006
202202007
202202008
202202009
202202010
202202011
202202012
202202013
202202014
202202015
202202016
202202017
202202018
202202019
202202020
202202021
202202022
202202023
202202024
202202025
202202026
202202027
202202028
202202029
202202030
202203001
202203002
202203003
202203004
202203005
202203006
202203007
202203008
202203009
202203010
202203011
202203012
202203013
202203014
202203015
202203016
202203017
202203018
202203019
202203020
202203021
202203022
202203023
202203024
202203025
202203026
202203027
202203028
202203029
202203030
202301001
202301002
202301003
202301004
202301005
202301006
202301007
202301008
202301009
202301010
202301011
202301012
202301013
202301014
202301015
202301016
202301017
202301018
202301019
202301020
202301021
202301022
202301023
202301024
202301025
202301026
202301027
202301028
202301029
202301030
202302001
202302002
202302003
202302004
202302005
202302006
202302007
202302008
202302009
202302010
202302011
202302012
202302013
202302014
202302015
202302016
202302017
202302018
202302019
202302020
202302021
202302022
202302023
202302024
202302025
202302026
202302027
202302028
202302029
202302030
202303001
202303002
202303003
202303004
202303005
202303006
202303007
202303008
202303009
202303010
202303011
202303012
202303013
202303014
202303015
202303016
202303017
202303018
202303019
202303020
202303021
202303022
202303023
202303024
202303025
202303026
202303027
202303028
202303029
202303030
