4800000
1500000
3100000
5500000
5800000
1000000
nothired
7200000
1600000
7400000
5500000
1800000
6300000
5800000
nothired
7800000
5000000
2600000
7800000
2700000
5700000
5900000
6400000
1000000
1700000
4000000
7900000
5200000
7200000
3600000
5100000
nothired
7100000
2100000
8600000
7100000
1600000
4500000
7300000
3800000
6500000
3300000
8000000
5100000
1800000
nothired
2400000
5100000
6500000
6200000
7000000
5200000
1900000
8900000
4700000
1200000
7100000
5000000
3000000
3300000
3700000
8400000
1700000
7400000
8400000
4100000
7100000
8600000
3300000
4100000
4700000
8100000
4600000
1100000
8100000
4800000
3800000
1000000
nothired
2800000
1500000
6900000
4000000
6700000
4100000
7900000
5900000
4600000
6400000
3700000
2200000
5400000
1000000
3400000
4100000
7700000
4700000
1900000
2500000
8600000
4500000
1000000
8300000
7100000
6100000
7700000
1300000
1900000
2800000
1400000
1300000
3000000
4800000
7800000
1600000
1000000
nothired
2200000
3500000
2400000
5900000
3300000
3300000
8700000
1800000
2500000
6100000
1700000
4200000
2800000
1300000
5500000
6200000
3900000
1700000
3700000
8200000
5600000
7600000
3200000
3300000
3400000
8500000
7800000
8700000
3900000
4600000
7600000
2900000
3300000
1000000
3200000
7600000
5000000
6200000
7200000
4900000
nothired
3000000
6100000
3900000
7500000
4400000
4600000
7600000
2200000
6400000
5000000
8200000
3800000
3600000
7200000
2800000
8200000
1100000
2000000
6800000
3800000
5200000
6700000
7500000
7300000
4800000
6300000
6600000
1600000
4000000
2200000
4500000
4800000
8300000
6900000
3000000
6700000
nothired
7300000
6500000
1200000
5900000
8300000
6900000
2600000
7500000
7500000
2100000
2600000
5000000
7300000
6600000
6400000
6100000
nothired
5000000
5400000
8300000
5700000
7300000
6000000
6000000
7500000
1000000
7000000
6700000
6900000
6000000
7200000
6300000
7900000
7000000
6200000
5200000
3800000
6700000
4300000
7800000
5100000
1300000
6900000
3400000
2100000
3600000
2800000
3200000
8300000
2700000
nothired
1700000
2400000
7000000
2000000
8700000
5600000
3600000
7200000
2100000
nothired
5500000
1800000
4500000
2400000
8500000
1600000
1000000
8300000
5800000
5400000
1100000
6500000
6900000
4600000
2500000
3300000
4100000
6400000
4900000
4500000
6600000
1600000
6800000
7800000
3000000
2000000
5400000
6200000
nothired
4000000
6300000
6600000
2400000
8100000
1200000
8000000
4500000
nothired
4200000
7200000
4200000
8100000
6700000
4400000
7900000
3100000
8000000
6100000
6800000
7500000
2300000
7400000
8600000
4800000
2800000
5100000
1300000
6500000
8600000
4400000
7400000
6700000
5100000
7000000
1600000
7500000
4800000
1300000
2000000
5400000
1400000
5500000
6200000
2300000
nothired
7400000
7100000
4100000
8800000
1800000
nothired
3600000
3900000
4000000
4700000
4300000
5800000
5900000
2700000
8400000
1300000
2700000
6400000
5700000
4500000
1400000
7000000
1600000
1000000
3100000
5700000
6000000
3900000
6800000
6800000
6900000
8000000
8700000
9000000
9000000
8600000
2100000
6300000
7800000
6900000
5900000
8500000
4000000
2800000
7500000
4500000
1700000
6900000
6500000
1200000
2700000
4900000
3600000
3800000
4700000
7500000
5100000
3900000
3800000
7100000
5600000
1100000
nothired
7200000
1000000
8700000
6800000
5100000
3100000
7800000
5500000
8400000
3400000
8300000
4600000
6200000
5300000
4000000
6300000
5200000
4600000
6800000
4400000
4900000
7500000
2700000
nothired
8300000
4600000
7900000
3400000
5600000
8100000
1700000
4700000
2000000
4900000
nothired
2900000
2600000
4300000
6700000
1300000
2900000
7200000
3200000
5300000
5500000
6700000
7100000
3700000
7100000
5700000
7700000
8200000
7900000
1300000
1000000
6900000
8300000
7300000
4100000
8300000
3500000
6200000
7600000
3600000
7600000
4100000
5100000
6000000
8900000
5000000
2000000
7300000
5300000
2000000
7000000
3000000
8700000
5500000
4100000
8400000
nothired
6500000
7400000
6200000
3300000
5600000
2200000
nothired
7100000
1500000
7400000
2600000
3800000
3100000
2800000
5400000
2000000
3600000
7400000
4600000
8000000
2600000
5700000
2400000
4400000
1200000
4600000
8700000
2400000
8200000
2500000
3100000
1800000
7200000
4100000
1100000
5700000
5200000
nothired
5500000
1600000
4100000
8800000
6400000
8200000
nothired
8000000
nothired
6100000
4600000
3100000
3200000
7400000
2100000
4900000
3900000
6300000
7900000
8400000
1200000
8700000
1200000
4300000
5800000
8500000
3800000
5600000
1000000
1400000
7300000
8500000
7600000
3500000
4800000
4100000
nothired
5700000
3700000
2300000
7400000
1500000
2500000
8000000
7400000
8800000
nothired
5400000
3500000
8900000
6600000
1900000
7100000
3600000
6400000
2600000
2100000
1900000
7000000
6500000
6100000
6200000
8600000
7900000
6800000
5500000
3500000
4100000
4600000
3000000
6100000
5600000
4300000
6800000
nothired
6500000
1500000
2000000
2000000
5900000
3600000
5500000
5600000
2700000
3400000
nothired
8000000
7900000
4200000
2600000
3900000
3700000
3000000
8800000
4800000
4000000
7300000
1000000
5500000
1400000
3800000
3800000
3100000
5300000
4200000
3000000
7000000
1600000
4100000
3200000
7000000
3000000
4600000
7100000
5700000
2100000
5100000
2600000
2600000
1000000
5100000
4300000
3200000
6300000
2700000
2200000
2400000
2000000
1500000
6900000
5400000
5800000
7600000
6000000
6600000
6700000
nothired
4600000
7200000
7000000
1100000
8800000
6000000
3700000
nothired
7200000
4300000
2100000
2300000
1300000
2700000
4000000
7900000
4800000
1300000
1600000
4400000
6500000
7000000
3800000
8200000
4400000
2800000
6100000
6300000
6400000
5200000
2200000
5200000
7900000
3500000
7200000
5600000
5100000
3400000
2100000
6800000
6200000
6800000
6300000
1600000
2000000
4600000
3700000
4400000
7700000
1100000
7100000
6600000
7100000
nothired
8200000
7100000
6000000
nothired
4100000
5000000
8300000
3200000
1900000
3500000
6600000
6600000
3100000
8400000
3200000
1800000
nothired
1800000
4000000
3000000
7300000
1700000
4500000
5400000
7700000
nothired
1200000
3400000
2400000
8300000
1900000
nothired
8800000
7800000
3600000
9000000
6600000
3600000
7500000
nothired
1900000
6700000
1400000
5100000
8800000
8800000
nothired
2000000
5800000
7500000
8400000
1400000
2300000
8800000
5700000
4200000
1300000
3500000
nothired
8000000
6500000
3000000
5500000
2500000
7200000
3900000
7600000
7100000
4100000
nothired
1600000
8100000
3100000
3900000
5400000
8000000
nothired
4300000
2400000
7000000
2700000
7200000
3800000
7200000
7500000
1200000
5700000
7900000
5200000
7000000
8700000
1300000
6300000
2700000
nothired
5900000
5700000
3600000
3400000
3700000
4500000
3400000
nothired
5300000
7900000
4700000
4900000
4300000
6600000
3200000
1900000
4800000
nothired
4200000
7100000
2000000
6700000
2500000
nothired
7000000
4400000
5900000
7900000
8600000
5000000
5500000
8000000
6700000
nothired
7100000
1500000
5500000
8500000
8500000
4700000
7000000
1100000
1000000
3500000
4500000
1100000
nothired
3200000
2700000
1500000
6600000
9000000
nothired
2600000
5900000
1700000
5100000
8900000
3000000
8600000
6000000
4200000
4600000
7200000
7500000
1600000
2800000
4600000
8000000
4300000
5900000
2100000
5900000
1500000
2200000
2300000
nothired
6300000
5300000
2200000
2100000
2400000
5900000
7600000
6000000
1500000
8400000
6100000
6900000
1700000
7800000
1100000
2700000
6800000
4800000
3800000
7100000
7500000
3400000
3500000
6400000
3600000
3200000
nothired
8700000
1100000
6400000
5900000
2900000
1200000
1000000
3900000
2600000
4800000
5700000
5100000
4700000
3100000
7200000
7400000
3100000
1200000
7800000
2700000
1300000
6300000
5200000
6700000
3900000
8300000
5600000
8300000
7200000
1200000
3100000
5900000
1400000
nothired
8400000
7400000
4100000
6400000
6200000
5500000
1700000
4200000
6700000
4800000
3900000
nothired
1900000
7800000
6400000
5300000
7100000
6900000
1500000
4500000
2500000
8500000
3100000
6100000
3100000
7300000
6400000
2900000
1700000
5500000
1700000
4300000
7800000
4100000
5100000
5600000
5400000
6600000
8400000
5200000
8800000
7600000
1000000
5500000
1300000
5900000
6200000
5000000
5900000
7500000
nothired
8300000
4900000
8100000
7100000
5600000
1500000
2300000
6400000
8400000
7500000
7200000
8600000
nothired
3100000
6800000
4100000
6400000
8200000
1200000
1200000
8800000
7400000
7000000
7300000
8900000
8000000
2300000
5800000
5800000
7100000
1700000
9000000
nothired
1300000
7000000
6100000
3800000
1900000
7800000
6400000
5300000
7100000
6900000
1500000
4500000
nothired
8500000
3100000
6100000
3100000
7300000
6400000
nothired
1700000
5500000
1700000
4300000
7800000
4100000
5100000
5600000
5400000
6600000
nothired
5200000
8800000
7600000
1000000
5500000
1300000
5900000
6200000
nothired
5900000
7500000
2300000
8300000
4900000
8100000
7100000
5600000
nothired
2300000
6400000
8400000
7500000
7200000
8600000
6100000
3100000
6800000
4100000
6400000
8200000
1200000
1200000
8800000
7400000
7000000
7300000
8900000
8000000
2300000
nothired
5800000
7100000
1700000
9000000
9000000
9000000
8600000
2100000
6300000
7800000
6900000
5900000
8500000
nothired
2800000
7500000
4500000
1700000
6900000
6500000
1200000
2700000
4900000
3600000
3800000
nothired
7500000
5100000
3900000
3800000
7100000
5600000
1100000
2800000
7200000
1000000
8700000
6800000
5100000
3100000
7800000
5500000
nothired
3400000
8300000
4600000
6200000
5300000
4000000
nothired
5200000
4600000
6800000
4400000
4900000
7500000
2700000
1100000
8300000
4600000
7900000
3400000
nothired
8100000
1700000
4700000
2000000
4900000
6000000
nothired
2600000
4300000
6700000
1300000
2900000
7200000
3200000
5300000
5500000
6700000
7100000
nothired
7100000
5700000
7700000
8200000
7900000
1300000
nothired
6900000
8300000
7300000
4100000
8300000
3500000
6200000
7600000
3600000
7600000
4100000
5100000
6000000
8900000
5000000
2000000
7300000
5300000
2000000
7000000
3000000
8700000
5500000
4100000
8400000
nothired
6500000
7400000
6200000
3300000
5600000
2200000
7400000
7100000
nothired
7400000
2600000
3800000
3100000
2800000
5400000
2000000
nothired
7400000
4600000
8000000
2600000
5700000
2400000
4400000
nothired
4600000
8700000
2400000
8200000
2500000
3100000
1800000
7200000
nothired
1100000
5700000
5200000
7300000
5500000
1600000
nothired
8800000
6400000
8200000
2800000
8000000
2400000
6100000
4600000
nothired
3200000
7400000
2100000
4900000
3900000
6300000
7900000
nothired
1200000
8700000
1200000
4300000
5800000
8500000
3800000
5600000
nothired
1400000
7300000
8500000
7600000
3500000
4800000
4100000
4900000
5700000
nothired
2300000
7400000
1500000
2500000
nothired
7400000
8800000
9000000
5400000
3500000
8900000
6600000
1900000
7100000
nothired
6400000
2600000
nothired
1900000
7000000
6500000
6100000
6200000
nothired
7900000
6800000
5500000
3500000
4100000
4600000
3000000
6100000
5600000
4300000
nothired
2400000
6500000
1500000
2000000
2000000
5900000
3600000
5500000
nothired
2700000
3400000
1600000
8000000
7900000
4200000
2600000
3900000
nothired
3000000
8800000
4800000
4000000
7300000
1000000
nothired
1400000
3800000
3800000
3100000
5300000
4200000
